Mingw: g++ 5.1.0 flag -DSIEVE_SIZE=2048 -DW30 -march=native -funroll-loops -O3 -s -pipe
Windows 10 x64               i3-350M,i5-3470,i7-7500u,i7-6700,r7-1700
pi(0,    1e10) = 455052511     3.10    1.84    1.55    1.40    1.65
pi(1e11, 1e10) = 394050419     4.35    2.50    2.02    1.90    2.00
pi(1e12, 1e10) = 361840208     5.40    3.00    2.40    2.23    2.30
pi(1e13, 1e10) = 334067230     6.60    3.50    2.85    2.66    2.70
pi(1e14, 1e10) = 310208140     7.90    4.20    3.50    3.14    3.20
pi(1e15, 1e10) = 289531946     10.2    5.10    4.32    3.78    3.91
pi(1e16, 1e10) = 271425366     12.4    6.10    5.11    4.52    4.75
pi(1e17, 1e10) = 255481287     14.7    7.09    5.95    5.31    5.75
pi(1e18, 1e10) = 241272176     18.0    8.58    7.17    6.41    7.21
pi(1e19, 1e10) = 228568014     25.2    11.6    9.86    8.72    9.82
pi(0-1e9,1e9)  = 22537866      8.75    4.28    3.92    3.62    3.82
pi(1e18, 1e6)  = 24280         0.75    0.46    0.34    0.50    0.50
pi(1e18, 1e8)  = 2414886       1.40    0.81    0.70    0.64    0.64
pi(1e18, 1e9)  = 24217085      3.70    1.80    1.58    1.40    1.58
pi(0,    1e12) = 37607912018   500     270     224     210     220
pi(1e14, 1e12) = 31016203073   790     420     354     314     320
pi(1e16, 1e12) = 27143405794   1210    600     512     445     485
pi(1e18, 1e12) = 24127637783   1560    760     622     590     640
pi(1e19, 1e12) = 22857444126   1730    830     702     625     665;
